001000 1
001001 1
001002 1
001003 1
001004 1
001005 1
001006 1
002000 1
002002 1
002003 1
002004 1
002005 1
002006 1
002007 1
002008 1
002009 1
002010 1
002011 1
002012 1
002013 1
002014 1
002015 1
002016 1
002017 1
002018 1
002019 1
002020 1
002021 1
002022 1
002023 1
002024 1
002025 1
002026 1
002027 1
002028 1
002029 1
002030 1
002031 1
002032 1
002033 1
002034 1
002035 1
002036 1
002037 1
002038 1
002039 1
002040 1
002041 1
002042 1
002043 1
002044 1
002045 1
002046 1
002047 1
002048 1
002050 1
002051 1
002052 1
002054 1
002055 1
002057 1
002058 1
002059 1
002060 1
002061 1
002062 1
002063 1
002064 1
002065 1
002066 1
002067 1
002068 1
002069 1
002070 1
002071 1
002072 1
002073 1
002074 1
002075 1
002076 1
002077 1
002078 1
002079 1
002080 1
002081 1
002082 1
002083 1
002084 1
002085 1
002086 1
002087 1
002088 1
002089 1
003000 1
003001 1
003002 1
003003 1
003004 1
003005 1
003006 1
003007 1
003008 1
003009 1
003010 1
003011 1
003012 1
003013 1
003014 1
003015 1
003016 1
003017 1
003018 1
003038 1
003039 1
003040 1
003041 1
003042 1
003043 1
003044 1
003045 1
003046 1
003047 1
003048 1
003049 1
003050 1
003051 1
003052 1
003053 1
003054 1
003055 1
003056 1
003057 1
003058 1
003059 1
003060 1
003061 1
003062 1
003063 1
003064 1
003065 1
003066 1
003067 1
003068 1
003069 1
003070 1
003071 1
003072 1
003073 1
003074 1
003075 1
003076 1
003077 1
003078 1
003079 1
003080 1
003081 1
003082 1
003083 1
003084 1
003085 1
003086 1
003087 1
003088 1
003089 1
003090 1
003091 1
003092 1
003093 1
003094 1
003095 1
003096 1
003097 1
003098 1
003099 1
003100 1
003101 1
003102 1
003103 1
003104 1
003105 1
003106 1
003107 1
003108 1
003109 1
003110 1
003111 1
003112 1
003113 1
003114 1
003115 1
003116 1
003117 1
003118 1
003119 1
003120 1
003121 1
003122 1
003123 1
003124 1
003125 1
003126 1
003127 1
003128 1
003129 1
003130 1
003131 1
003132 1
003133 1
003134 1
003135 1
003136 1
003137 1
003139 1
003140 1
003141 1
003142 1
003143 1
003144 1
003146 1
003147 1
003149 1
003150 1
003151 1
003152 1
003153 1
003154 1
003155 1
003156 1
003157 1
003158 1
003159 1
003160 1
003161 1
003162 1
003163 1
003165 1
003166 1
003167 1
003168 1
003169 1
003170 1
003171 1
003172 1
003173 1
003174 1
003175 1
003176 1
003177 1
003178 1
003179 1
003180 1
003181 1
003182 1
003183 1
003184 1
003185 1
003186 1
003187 1
003188 1
003189 1
003190 1
003191 1
003192 1
003193 1
003194 1
003195 1
003196 1
003197 1
003198 1
003199 1
003200 1
003201 1
003202 1
003203 1
003204 1
003205 1
003206 1
003207 1
003208 1
003209 1
003210 1
003211 1
003212 1
003213 1
003214 1
003215 1
003216 1
003217 1
003218 1
003219 1
003220 1
003221 1
003222 1
003223 1
003224 1
003225 1
004000 2
004001 2
004002 2
004003 2
004004 2
004005 2
004006 2
004007 2
004008 2
004009 2
004010 2
004011 2
004012 2
004013 2
004014 2
004015 2
004016 2
004017 2
004018 2
004019 2
004020 2
004021 2
004023 2
004024 2
004025 2
004026 2
004027 2
004028 2
004029 2
004030 2
004031 2
004032 2
004033 2
004034 2
004035 2
004036 2
004037 2
004038 2
004039 2
004040 2
004041 2
004042 2
004043 2
004044 2
004045 2
005000 5
005001 5
005002 5
005003 5
005004 5
005005 5
005006 5
005007 5
005008 5
005009 5
005010 5
005011 5
005012 5
005013 5
005014 5
005015 5
005016 5
005017 5
005018 5
005019 5
005021 5
005022 5
005023 5
005024 5
005025 6
005026 6
005027 6
005028 6
005029 6
005030 6
005031 6
005032 6
005033 6
005034 6
005035 6
005036 6
005037 6
005038 6
005039 6
005040 6
005041 6
005042 6
005043 6
005044 6
005045 6
005046 6
005048 6
005049 6
005050 7
005051 7
005052 7
005053 7
005054 7
005055 7
005057 7
005058 7
005059 7
005060 7
005061 7
005063 7
005065 7
005067 7
005068 7
005069 7
005070 7
005073 7
005074 7
005075 1
005076 1
005077 1
005078 1
005079 1
005080 1
005081 1
005082 1
005083 1
005084 1
005085 1
005086 1
005087 1
005088 1
005089 1
005090 1
005091 1
005092 1
005093 1
005094 1
005095 1
005096 1
005097 1
005098 1
005099 1
006000 3
006001 3
006002 3
006003 3
006004 3
006005 3
006006 3
006007 3
006008 3
006009 3
006010 3
006011 3
006012 3
006013 3
006014 3
006015 3
006016 3
006017 3
006018 3
006019 3
006020 3
006021 3
006022 3
006023 3
006024 3
006025 3
006029 3
006030 3
006031 3
006033 3
006034 3
006035 3
006036 3
006037 3
006038 3
006039 3
006040 3
006041 3
006042 3
006043 3
006044 3
006045 3
006046 3
006048 3
006052 3
006056 3
006057 3
006059 3
006060 3
006061 3
006062 3
006063 3
006064 3
006065 3
006066 3
006067 3
006068 3
006069 3
006070 3
006072 3
006073 3
006074 3
006075 3
006076 3
006077 3
006078 3
006079 3
006080 3
006081 3
006082 3
006083 3
006084 3
006085 3
006086 3
007006 4
007013 4
007018 4
007024 4
007030 4
007031 4
007034 4
007035 4
007039 4
007042 4
007045 4
007046 4
007047 4
007048 4
007050 4
007051 4
007054 4
007055 4
007057 4
007059 4
007060 4
007064 4
007067 4
007068 4
007069 4
007070 4
007072 4
007075 4
007076 4
007078 4
007080 4
007081 4
007082 4
007083 4
007089 4
007090 4
007091 4
007093 4
007100 4
007102 4
007103 4
007105 4
007106 4
007109 4
007111 4
007112 4
007130 4
007132 4
007134 4
007135 4
007137 4
007138 4
007154 4
007155 4
007156 4
007157 4
007158 4
007159 4
007160 4
007161 4
007164 4
007165 4
007166 4
007169 4
007170 4
007180 4
007184 4
007185 4
007186 4
007188 4
007189 4
007190 4
007194 4
007195 4
007198 4
007202 4
007203 4
007204 4
007205 4
007207 4
007208 4
007209 4
